0,0.007546
1,0.842434
2,0.308622
3,0.006274
4,0.006562
5,0.006744
6,0.449335
7,0.007717
8,0.222240
9,0.596659
10,0.005494
11,0.006071
12,0.005504
13,0.006894
14,0.530551
15,0.006252
16,0.006017
17,0.006370
18,0.260096
19,0.005472
20,0.007225
21,0.006028
22,0.005707
23,0.093062
24,0.006990
25,0.006648
26,0.005793
27,0.007460
28,0.490299
29,0.625617
30,0.005964
31,0.005942
32,0.004948
33,0.007214
34,0.494971
35,0.006701
36,0.006530
37,0.006231
38,0.006851
39,0.823016
40,0.006295
41,0.006007
42,0.006691
43,0.005921
44,0.092412
45,0.006156
46,0.007139
47,0.005633
48,0.005932
49,0.241748
50,0.006498
51,0.005814
52,0.006573
53,0.007172
54,0.259628
55,0.006252
56,0.007118
57,0.006701
58,0.006434
59,0.581943
60,0.006573
61,0.006156
62,0.007663
63,0.007268
64,0.488910
65,0.006071
66,0.007033
67,0.006156
68,0.006573
69,0.688581
70,0.006113
71,0.005942
72,0.006028
73,0.006423
74,0.448106
75,0.006338
76,0.006926
77,0.006733
78,0.294394
79,0.005900
80,0.005942
81,0.005814
82,0.005494
83,0.007172
84,0.397102
85,0.006573
86,0.007246
87,0.007182
88,0.005889
89,0.218428
90,0.009051
91,1.950915
92,0.006156
93,0.006616
94,0.005472
95,0.005814
96,0.005782
97,0.006103
98,0.006349
99,0.005355
100,0.006808
101,0.006755
102,0.005814
103,0.006509
104,0.006017
105,0.006584
106,0.005900
107,0.006637
108,0.005814
109,0.005718
110,0.005162
111,0.005248
112,0.006626
113,0.006167
114,0.006295
115,0.006530
116,0.006220
117,0.006263
118,0.007385
119,0.006317
120,0.006252
121,0.006434
122,0.007482
123,0.005579
124,0.007246
125,0.005344
126,0.006242
127,0.007214
128,0.007214
129,0.005483
130,0.006007
131,0.006370
132,0.006605
133,0.006349
134,0.006541
135,0.006520
136,0.005237
137,0.006840
138,0.006434
139,0.005109
140,0.006317
141,0.005814
142,0.006199
143,0.006071
144,0.006605
145,0.006156
146,0.006306
147,0.005889
148,0.005355
149,0.006584
150,0.006434
151,0.007182
152,0.005472
153,0.005771
154,0.006124
155,0.005707
156,0.005397
157,0.006659
158,0.006306
159,0.005814
160,0.006199
161,0.006755
162,0.006220
163,0.007246
164,0.007129
165,0.007503
166,0.006840
167,0.005814
168,0.007097
169,0.006477
170,0.005558
171,0.006359
172,0.006498
173,0.006808
174,0.006167
175,0.006584
176,0.006605
177,0.006370
178,0.006007
179,0.005932
180,0.006156
181,0.006113
182,0.006274
183,0.006327
184,0.007214
185,0.006220
186,0.005472
187,0.007385
188,0.005889
189,0.006744
190,0.006220
191,0.005600
192,0.005910
193,0.006530
194,0.005536
195,0.006691
196,0.006562
197,0.006017
198,0.005996
199,0.006776
200,0.006359
201,0.006370
202,0.005226
203,0.007161
204,0.006242
205,1.510132
206,0.007118
207,0.006167
208,0.006402
209,0.007380
210,0.006295
211,0.006498
212,0.006252
213,0.006167
214,0.006990
215,0.006370
216,0.005814
217,0.006733
218,0.006904
219,0.190134
220,0.005408
221,0.006840
222,0.006669
223,0.006231
224,0.238633
225,0.006594
226,0.006370
227,0.008037
228,0.006349
229,0.071793
230,0.005739
231,0.005729
232,0.006370
233,0.006498
234,0.348847
235,0.006808
236,0.006349
237,0.007225
238,0.005472
239,0.103088
240,0.006680
241,0.006178
242,0.006573
243,0.006498
244,0.158686
245,0.006274
246,0.006541
247,0.006263
248,0.006947
249,0.501634
250,0.544654
251,0.005547
252,0.005472
253,0.005910
254,0.006359
255,0.375865
256,0.006252
257,0.006840
258,0.006092
259,0.006947
260,0.354952
261,0.005921
262,0.007043
263,0.006701
264,0.006659
265,0.545494
266,0.006498
267,0.006851
268,0.005975
269,0.007172
270,0.153857
271,0.006146
272,0.005494
273,0.006049
274,0.006156
275,0.007548
276,0.005900
277,0.006156
278,0.005889
279,0.007001
280,0.869986
281,0.070825
282,0.006584
283,0.008198
284,0.007524
285,0.006872
286,0.007703
287,0.007182
288,0.006691
289,0.006466
290,0.006979
291,0.008347
292,0.007289
293,0.005536
294,0.006370
295,0.006242
296,0.005857
297,0.509813
298,0.006081
299,0.006092
300,0.005087
301,0.006317
302,0.145936
303,0.006990
304,0.005804
305,0.006573
306,0.007396
307,0.355763
308,0.333352
309,1.319791
310,0.005932
311,0.006071
312,0.005729
313,0.006819
314,0.453082
315,0.006659
316,0.005387
317,0.006968
318,0.006605
319,0.007574
320,0.007086
321,0.006776
322,0.005889
323,0.006926
324,0.639617
325,0.006659
326,0.006306
327,0.006498
328,0.005739
329,0.294913
330,0.006445
331,0.006819
332,0.006156
333,0.006081
334,0.334704
335,0.006242
336,0.005825
337,0.006701
338,0.006242
339,0.444844
340,0.007375
341,0.007845
342,0.006669
343,0.006039
344,0.500368
345,0.005622
346,0.005707
347,0.007065
348,0.005633
349,0.005515
350,0.006413
351,0.007343
352,0.006584
353,0.619186
354,0.007642
355,0.007567
356,0.007674
357,0.006445
358,0.007001
359,0.427191
360,0.006092
361,0.007620
362,0.005932
363,0.006787
364,0.106788
365,0.005921
366,0.006787
367,0.007214
368,0.006594
369,0.113091
370,0.183706
371,0.312951
372,0.006402
373,0.005814
374,0.005654
375,0.006904
376,0.188617
377,0.006787
378,0.005376
379,0.005836
380,0.301004
381,0.006338
382,0.005975
383,0.006541
384,0.007460
385,0.309488
386,0.006188
387,0.006552
388,0.007193
389,0.006402
390,0.328375
391,0.007631
392,0.007524
393,0.006680
394,0.008091
395,1.119908
396,0.006862
397,0.005675
398,0.006520
399,0.006573
400,0.526076
401,0.006135
402,0.006787
403,0.006498
404,0.006146
405,0.522506
406,0.006594
407,0.006904
408,0.005216
409,0.005846
410,0.101350
411,0.006391
412,0.006274
413,0.007770
414,0.006349
415,0.377755
416,0.006872
417,0.006541
418,0.006498
419,0.005750
420,0.148610
421,0.006904
422,0.005836
423,0.006210
424,0.006156
425,0.136839
426,0.006584
427,0.006498
428,0.007877
429,0.005622
430,0.223530
431,0.007054
432,0.007439
433,0.006295
434,0.005814
435,0.355198
436,0.006477
437,0.006990
438,0.007214
439,0.005633
440,0.480575
441,0.006124
442,0.006498
443,0.005846
444,0.006915
445,0.242310
446,0.006691
447,0.006381
448,0.006947
449,0.047174
450,0.006113
451,0.006263
452,0.006445
453,0.005568
454,0.598601
455,0.230254
456,0.007033
457,0.006039
458,0.007118
459,0.006199
460,0.323873
461,0.005590
462,0.006744
463,0.006712
464,0.006840
465,0.411626
466,0.006926
467,0.005910
468,0.005921
469,0.005515
470,0.548795
471,0.007022
472,0.006156
473,0.006979
474,0.006594
475,0.604403
476,0.007214
477,0.007107
478,0.007236
479,0.005889
480,0.008399
481,0.006220
482,0.005526
483,0.007866
484,0.006659
485,0.364039
486,0.008016
487,0.008422
488,0.008112
489,0.006573
490,0.005932
491,0.211482
492,0.007033
493,0.005932
494,0.006039
495,0.006851
496,0.050566
497,0.006317
498,0.006958
499,0.007407
500,0.594988
501,0.006498
502,0.006733
503,0.006626
504,0.007524
505,0.754306
506,0.007813
507,0.006220
508,0.006562
509,0.006498
510,0.006263
511,0.051354
512,0.005515
513,0.201926
514,0.006135
515,0.007364
516,0.007353
517,0.088551
518,0.006958
519,0.006455
520,0.006990
521,0.007856
522,0.291775
523,0.006381
524,0.006648
525,0.005729
526,0.006445
527,0.342043
528,0.006263
529,0.006306
530,0.006872
531,0.006562
532,0.191342
533,0.007332
534,0.006220
535,0.006156
536,0.077696
537,0.006017
538,0.007310
539,0.005846
540,0.006071
541,0.006616
542,0.230147
543,0.005707
544,0.007727
545,0.007054
546,0.006862
547,0.007463
548,0.007439
549,0.006338
550,0.006338
551,0.007193
552,0.123988
553,0.006210
554,0.005472
555,0.007054
556,0.005344
557,0.006413
558,0.005793
559,0.007300
560,0.005611
561,0.041151
562,0.005953
563,0.006188
564,0.004660
565,0.007385
566,0.076282
567,0.005814
568,0.004361
569,0.005504
570,0.006317
571,0.006488
572,0.007417
573,0.433011
574,0.006135
575,0.006659
576,0.006081
577,0.006680
578,0.543098
579,0.005942
580,0.007107
581,0.006434
582,0.080246
583,0.007107
584,0.007225
585,0.006188
586,0.005953
587,0.189843
588,0.005857
589,0.006744
590,0.006637
591,0.005836
592,0.236314
593,0.005900
594,0.007033
595,0.006434
596,0.005814
597,0.263259
598,0.946748
599,0.005846
600,0.006926
601,0.007246
602,0.006306
603,0.006498
604,0.006049
605,0.005098
606,0.006156
607,0.004884
608,0.007172
609,0.239577
610,0.006413
611,0.006530
612,0.006541
613,0.275806
614,0.007973
615,0.008208
616,0.007225
617,0.007663
618,0.007706
619,0.126500
620,0.977658
621,0.007278
622,0.007428
623,0.006947
624,0.005793
625,0.267134
626,0.006338
627,0.006765
628,0.006616
629,0.369859
630,0.005579
631,0.006156
632,0.007161
633,0.006413
634,0.531893
635,0.006926
636,0.006797
637,0.005729
638,0.006616
639,0.132072
640,0.005472
641,0.006744
642,0.005558
643,0.006659
644,0.351603
645,0.006947
646,0.005718
647,0.006733
648,0.007011
649,0.574202
650,0.006862
651,0.006295
652,0.006605
653,0.006840
654,0.008465
655,0.280927
656,0.006520
657,0.006263
658,0.006872
659,0.007193
660,0.006720
661,0.006039
662,0.006488
663,0.006242
664,0.006252
665,0.233693
666,0.094100
667,0.007503
668,0.006295
669,0.007791
670,0.007396
671,0.006370
672,0.007097
673,0.006851
674,0.005697
675,0.006840
676,0.063359
677,0.006295
678,0.007022
679,0.006263
680,0.005900
681,0.470817
682,0.399309
683,0.006060
684,0.005633
685,0.005782
686,0.005814
687,0.006188
688,0.379163
689,0.006274
690,0.006210
691,0.006156
692,0.006840
693,0.367071
694,1.361735
695,0.005836
696,0.007150
697,0.007182
698,0.006605
699,0.054371
700,0.005558
701,0.006434
702,0.007920
703,0.006584
704,0.390518
705,0.006723
706,0.006242
707,0.006744
708,0.006669
709,0.354263
710,0.007182
711,0.006156
712,0.006252
713,0.005162
714,0.069394
715,0.007984
716,0.005942
717,0.006958
718,0.006049
719,1.096945
720,0.007653
721,0.007898
722,0.007524
723,0.007856
724,0.012419
725,0.007407
726,0.007471
727,0.006413
728,0.006626
729,0.653287
730,0.215198
731,0.006797
732,0.241635
733,0.004574
734,0.006156
735,0.006765
736,0.235129
737,0.006616
738,0.006840
739,0.007086
740,0.005184
741,0.604674
742,0.518684
743,0.538401
744,0.006220
745,0.006210
746,0.006915
747,0.006990
748,0.522390
749,0.006498
750,0.006733
751,0.007289
752,0.006135
753,0.987096
754,0.005857
755,0.006028
756,0.007204
757,0.005472
758,0.494955
759,0.006156
760,0.006648
761,0.006797
762,0.006210
763,0.463766
764,0.007567
765,1.224321
766,0.006423
767,0.006391
768,0.005868
769,0.005900
770,1.207465
771,0.361301
772,0.007417
773,0.005590
774,0.005761
775,0.006338
776,0.057736
777,0.006135
778,0.050084
779,0.005814
780,0.007567
781,0.006723
782,0.339763
783,0.005675
784,0.005376
785,0.005942
786,0.006498
787,0.364313
788,0.006210
789,0.006968
790,0.006744
791,0.005814
792,0.404398
793,0.006498
794,0.007182
795,0.005633
796,0.006124
797,0.527414
798,0.007802
799,0.006541
800,0.006039
801,0.006188
802,0.075163
803,0.006498
804,0.005568
805,0.005494
806,0.006926
807,1.162200
808,0.007182
809,0.052141
810,0.189674
811,0.006498
812,0.006242
813,0.006530
814,0.006306
815,0.196949
816,0.007930
817,0.609371
818,0.737848
819,0.399390
820,0.005910
821,0.006637
822,0.006830
823,0.005622
824,0.077772
825,0.007033
826,0.006605
827,0.006552
828,0.156776
829,0.384891
830,0.007546
831,0.770348
832,0.006637
833,0.007439
834,0.005504
835,0.005633
836,0.855800
837,0.005771
838,0.006370
839,0.006797
840,0.006017
841,0.744146
842,0.500028
843,0.008176
844,0.007898
845,0.006594
846,0.008219
847,0.007107
848,0.007999
849,0.006936
850,0.007353
851,0.006872
852,0.007866
853,0.722341
854,0.005686
855,0.006691
856,0.006156
857,0.005665
858,0.221442
859,0.005975
860,0.006552
861,0.005996
862,0.007514
863,1.136840
864,0.422141
865,0.005814
866,0.007097
867,0.006039
868,0.008486
869,0.644409
870,0.006210
871,0.007001
872,0.007065
873,0.005237
874,1.016128
875,0.006626
876,0.007033
877,0.006039
878,0.006626
879,0.507440
880,0.006691
881,0.006327
882,0.006573
883,0.007075
884,0.253109
885,0.006071
886,0.006819
887,0.005483
888,0.006060
889,0.006208
890,0.006915
891,0.005579
892,0.005526
893,0.325174
894,0.006541
895,0.007129
896,0.006979
897,0.005857
898,0.082137
899,0.069547
900,0.006712
901,0.005900
902,0.006156
903,0.006252
904,0.206835
905,0.007214
906,0.007043
907,0.005536
908,0.080348
909,0.007300
910,0.006284
911,0.006092
912,0.006498
913,0.006202
914,0.007802
915,0.006124
916,0.006584
917,0.006317
918,0.241216
919,0.006520
920,0.006156
921,0.006092
922,0.006755
923,0.258659
924,0.006755
925,0.007514
926,0.007492
927,0.006081
928,0.633296
929,0.005697
930,0.006113
931,0.005996
932,0.006605
933,0.427106
934,0.069215
935,0.006830
936,0.006701
937,0.005579
938,0.006594
939,0.887563
940,0.006178
941,0.007546
942,0.006691
943,0.006317
944,0.441185
945,0.006071
946,0.007182
947,0.006210
948,0.007065
949,0.698566
950,0.007930
951,0.006840
952,0.006872
953,0.007182
954,1.240329
955,0.006317
956,0.006530
957,0.005878
958,0.004222
959,0.153728
960,0.006113
961,0.005975
962,0.006765
963,0.005739
964,0.225007
965,0.006562
966,0.007524
967,0.006680
968,0.006755
969,0.005141
970,0.095083
971,0.335727
972,0.006776
973,0.005878
974,0.006520
975,0.596680
976,0.007343
977,0.007364
978,0.007375
979,0.005889
980,0.007824
981,0.626274
982,0.006306
983,0.006381
984,0.006584
985,0.479808
986,0.007310
987,0.006028
988,0.006840
989,0.006552
990,0.158664
991,0.006541
992,0.007813
993,0.007001
994,0.006498
995,0.662567
996,0.005814
997,0.006381
998,0.006295
999,0.005889
1000,0.317209
1001,0.007065
1002,0.006060
1003,0.006530
1004,0.006327
1005,0.156465
1006,0.927198
1007,0.008037
1008,0.007139
1009,0.007546
1010,0.007300
1011,0.167312
1012,0.006862
1013,0.720274
1014,0.006733
1015,0.006626
1016,0.006530
1017,0.244835
1018,0.007289
1019,0.007139
1020,0.005996
1021,0.006701
1022,0.288392
1023,0.007514
1024,0.005750
1025,0.005964
1026,0.006252
1027,0.006263
1028,0.007246
1029,0.659009
1030,0.007107
1031,0.005600
1032,0.005472
1033,0.007193
1034,0.877298
1035,1.008496
1036,0.005975
1037,0.006167
1038,0.006252
1039,0.006840
1040,0.350490
1041,0.487230
1042,0.006691
1043,0.006584
1044,0.007011
1045,0.006958
1046,0.006359
1047,0.006156
1048,0.006840
1049,0.007214
1050,0.541444
1051,0.006637
1052,0.006990
1053,0.006883
1054,0.006231
1055,0.575606
1056,0.760543
1057,0.092680
1058,0.006894
1059,0.006787
1060,0.006947
1061,0.005237
1062,0.369311
1063,0.217630
1064,0.006306
1065,0.008069
1066,0.295388
1067,0.611865
1068,0.006370
1069,0.006370
1070,0.006733
1071,0.006830
1072,0.629927
1073,0.611636
1074,0.006648
1075,0.007172
1076,0.007172
1077,0.006797
1078,0.230216
1079,0.365442
1080,0.007172
1081,0.006584
1082,0.007824
1083,0.006594
1084,0.261613
1085,0.006359
1086,0.005622
1087,0.006434
1088,0.006199
1089,0.680266
1090,0.007930
1091,0.007556
1092,0.008059
1093,0.006915
1094,0.007482
1095,0.426290
1096,0.006712
1097,0.006178
1098,0.006530
1099,0.006263
1100,0.007726
1101,0.005836
1102,0.006242
1103,0.006231
1104,0.006584
1105,0.190721
1106,0.007001
1107,0.005729
1108,0.006498
1109,0.215532
1110,0.006317
1111,0.006584
1112,0.007257
1113,0.006274
1114,0.006701
1115,0.270775
1116,0.007182
1117,0.006317
1118,0.005921
1119,0.005654
1120,0.807236
1121,0.007524
1122,0.006306
1123,0.007791
1124,0.008208
1125,0.254238
1126,0.750482
1127,0.005515
1128,0.006103
1129,0.005771
1130,0.006488
1131,0.465203
1132,0.006797
1133,0.385091
1134,0.005878
1135,0.006434
1136,0.008101
1137,0.006594
1138,0.006349
1139,0.006894
1140,0.006156
1141,0.007492
1142,0.214290
1143,0.006231
1144,0.006188
1145,0.006498
1146,0.006210
1147,0.345658
1148,0.007043
1149,0.007011
1150,0.006039
1151,0.007396
1152,0.047027
1153,0.141221
1154,0.251576
1155,0.006156
1156,0.005942
1157,0.006723
1158,0.006990
1159,0.258957
1160,0.006124
1161,0.006167
1162,0.006103
1163,0.006220
1164,0.265414
1165,0.272153
1166,0.008535
1167,0.390744
1168,0.006648
1169,0.007845
1170,0.005857
1171,0.006242
1172,0.151657
1173,0.006007
1174,0.006049
1175,0.006274
1176,0.007449
1177,0.175951
1178,0.005921
1179,0.006071
1180,0.005825
1181,0.006787
1182,0.417242
1183,0.624832
1184,0.824478
1185,0.007332
1186,0.006113
1187,0.005889
1188,0.007033
1189,0.757578
1190,0.198352
1191,0.369613
1192,0.999736
1193,0.007150
1194,0.006242
1195,0.005750
1196,0.006498
1197,1.589725
1198,1.508795
1199,0.005718
1200,0.006680
1201,0.006509
1202,0.006060
1203,0.960425
1204,0.006402
1205,0.006947
1206,0.006840
1207,0.005590
1208,0.396749
1209,0.007414
1210,0.458149
1211,0.007375
1212,0.005836
1213,0.005964
1214,0.006744
1215,1.015573
1216,0.130871
1217,0.248192
1218,0.253546
1219,0.240338
1220,0.006455
1221,0.007888
1222,0.006851
1223,0.006284
1224,0.229019
1225,0.006733
1226,0.006573
1227,0.007193
1228,0.006733
1229,0.218770
1230,0.443111
1231,0.006146
1232,0.006498
1233,0.007343
1234,0.006808
1235,0.107074
1236,0.006103
1237,0.007642
1238,0.005707
1239,0.006840
1240,0.322844
1241,0.007717
1242,0.007182
1243,0.007962
1244,0.007888
1245,0.006691
1246,1.317203
1247,0.005814
1248,0.005504
1249,0.007129
1250,0.006135
1251,0.050969
1252,0.789041
1253,0.433808
1254,0.005921
1255,0.006466
1256,0.006840
1257,0.006092
1258,0.445905
1259,0.007620
1260,0.007524
1261,0.007610
1262,0.006156
1263,0.169655
1264,0.006808
1265,0.006594
1266,0.006124
1267,0.005483
1268,0.006060
1269,0.481689
1270,0.006359
1271,0.007150
1272,0.006498
1273,0.006135
1274,0.633219
1275,0.008486
1276,0.007578
1277,0.489810
1278,0.006156
1279,0.006573
1280,0.006830
1281,0.006723
1282,0.105621
1283,0.500437
1284,0.839504
1285,1.122048
1286,0.424405
1287,0.197025
1288,0.139673
1289,0.006885
1290,0.153879
1291,0.005547
1292,0.007824
1293,0.006049
1294,0.140884
1295,0.006936
1296,0.007129
1297,0.005996
1298,0.007300
1299,0.189135
1300,0.007674
1301,0.007648
1302,0.637088
1303,0.508068
1304,0.006765
1305,0.007375
1306,0.007257
1307,0.006958
1308,0.049092
1309,0.047705
1310,0.006017
1311,0.005953
1312,0.006017
1313,0.339816
1314,0.006712
1315,0.006990
1316,0.006284
1317,0.007139
1318,0.006317
1319,0.402605
1320,0.007984
1321,0.201849
1322,0.651477
1323,0.007065
1324,0.007001
1325,0.006445
1326,0.006701
1327,0.512964
1328,0.427370
1329,1.666773
1330,0.441941
1331,0.706558
1332,0.361877
1333,0.095904
1334,0.306878
1335,0.007315
1336,0.256023
1337,0.774853
1338,1.115451
1339,0.522541
1340,0.007588
1341,0.245238
1342,0.615554
1343,0.406775
1344,0.213731
1345,0.006733
1346,0.007022
1347,0.007813
1348,0.005376
1349,0.404297
1350,0.006370
1351,0.412578
1352,0.388430
1353,0.319177
1354,0.962817
1355,0.036581
1356,0.967054
1357,0.249485
1358,0.291248
1359,0.203044
1360,0.163487
1361,0.007620
1362,0.764642
1363,0.909339
1364,1.414599
1365,0.874776
1366,0.863725
1367,0.286547
1368,1.212296
1369,0.270006
1370,0.741198
1371,0.513353
1372,0.007856
1373,0.006799
1374,0.597560
1375,0.005665
1376,0.006776
1377,0.007364
1378,0.967298
1379,0.592093
1380,0.006894
1381,0.113790
1382,0.301307
1383,0.480591
1384,0.798409
1385,0.450392
1386,1.104499
1387,0.695929
1388,0.152769
1389,0.174296
1390,0.634975
1391,1.574731
1392,1.278485
1393,0.354135
1394,0.719192
1395,1.032892
1396,0.536966
1397,0.182089
1398,0.604186
1399,0.636516
1400,0.009981
1401,1.204553
1402,0.366855
1403,1.629004
1404,0.768040
1405,0.156102
1406,0.142098
1407,0.273312
1408,0.361387
1409,0.213250
1410,0.008687
1411,0.821658
1412,0.973709
1413,1.154861
1414,0.267415
1415,0.782371
1416,0.945281
1417,0.916197
1418,1.093904
1419,1.343873
1420,1.329952
1421,1.139533
1422,1.306448
1423,0.881208
1424,0.503384
