0,0.007546
1,0.842435
2,0.307962
3,0.006616
4,0.006562
5,0.006744
6,0.449335
7,0.007717
8,0.221152
9,0.596659
10,0.005494
11,0.006071
12,0.005504
13,0.006894
14,0.530595
15,0.006936
16,0.006017
17,0.006370
18,0.260754
19,0.005472
20,0.006541
21,0.006028
22,0.005365
23,0.092748
24,0.006306
25,0.006648
26,0.005793
27,0.007460
28,0.489341
29,0.625617
30,0.006648
31,0.005600
32,0.004606
33,0.007214
34,0.494971
35,0.006701
36,0.006530
37,0.006231
38,0.006851
39,0.822333
40,0.005611
41,0.005665
42,0.006349
43,0.006605
44,0.091057
45,0.006156
46,0.007139
47,0.005633
48,0.006274
49,0.241472
50,0.005814
51,0.005814
52,0.005889
53,0.007172
54,0.259626
55,0.005910
56,0.005750
57,0.006701
58,0.006434
59,0.581942
60,0.006573
61,0.006156
62,0.007663
63,0.007268
64,0.488910
65,0.006071
66,0.007033
67,0.006156
68,0.005889
69,0.688506
70,0.006113
71,0.006284
72,0.007054
73,0.006423
74,0.448106
75,0.005654
76,0.005900
77,0.006391
78,0.294394
79,0.006584
80,0.006733
81,0.005472
82,0.005836
83,0.005804
84,0.396113
85,0.006573
86,0.007246
87,0.007182
88,0.005889
89,0.218428
90,0.009900
91,1.950596
92,0.006156
93,0.006274
94,0.005130
95,0.005130
96,0.005782
97,0.005419
98,0.005665
99,0.005013
100,0.006124
101,0.006413
102,0.005472
103,0.006167
104,0.006017
105,0.006584
106,0.005900
107,0.005269
108,0.005814
109,0.005718
110,0.004136
111,0.005248
112,0.005258
113,0.005483
114,0.005269
115,0.006188
116,0.006220
117,0.006263
118,0.006701
119,0.006317
120,0.005226
121,0.005750
122,0.006797
123,0.005921
124,0.005194
125,0.005344
126,0.005216
127,0.007214
128,0.006530
129,0.005141
130,0.006007
131,0.005686
132,0.006263
133,0.006349
134,0.005857
135,0.005836
136,0.005184
137,0.006156
138,0.006434
139,0.005109
140,0.005975
141,0.005814
142,0.005857
143,0.005729
144,0.006605
145,0.006156
146,0.006306
147,0.004863
148,0.005355
149,0.006242
150,0.005750
151,0.005814
152,0.005472
153,0.005771
154,0.007150
155,0.005365
156,0.005397
157,0.005975
158,0.005280
159,0.004788
160,0.005857
161,0.006071
162,0.006220
163,0.007246
164,0.007129
165,0.006477
166,0.006840
167,0.005130
168,0.006755
169,0.005793
170,0.004874
171,0.006017
172,0.005472
173,0.006808
174,0.006167
175,0.006584
176,0.006263
177,0.006028
178,0.006007
179,0.004906
180,0.005130
181,0.005429
182,0.005932
183,0.005301
184,0.006530
185,0.005536
186,0.005130
187,0.007385
188,0.005889
189,0.005718
190,0.005536
191,0.005600
192,0.005568
193,0.006530
194,0.005536
195,0.005665
196,0.005878
197,0.006017
198,0.005996
199,0.006092
200,0.005675
201,0.005686
202,0.005226
203,0.006477
204,0.005900
205,1.351256
206,0.007118
207,0.005483
208,0.005718
209,0.006963
210,0.005611
211,0.007182
212,0.005910
213,0.005825
214,0.006648
215,0.006370
216,0.005814
217,0.006733
218,0.006904
219,0.174498
220,0.006092
221,0.006840
222,0.006669
223,0.006231
224,0.238633
225,0.005568
226,0.005344
227,0.007353
228,0.006007
229,0.071793
230,0.007449
231,0.005729
232,0.007054
233,0.006498
234,0.348986
235,0.006808
236,0.004981
237,0.007225
238,0.007182
239,0.102732
240,0.006680
241,0.006178
242,0.005889
243,0.006498
244,0.156415
245,0.006274
246,0.006541
247,0.006947
248,0.006947
249,0.501634
250,0.544654
251,0.005547
252,0.006156
253,0.006594
254,0.006359
255,0.375863
256,0.006252
257,0.006840
258,0.006092
259,0.006947
260,0.354952
261,0.005921
262,0.007043
263,0.006017
264,0.006659
265,0.545494
266,0.005472
267,0.007535
268,0.005975
269,0.007514
270,0.153857
271,0.006146
272,0.006178
273,0.005707
274,0.005814
275,0.007409
276,0.005216
277,0.005814
278,0.005547
279,0.007001
280,0.869978
281,0.070825
282,0.006584
283,0.008198
284,0.007182
285,0.006872
286,0.007703
287,0.007182
288,0.006691
289,0.006466
290,0.006979
291,0.008347
292,0.006263
293,0.005194
294,0.005344
295,0.006926
296,0.005857
297,0.509646
298,0.007449
299,0.006092
300,0.005087
301,0.006317
302,0.146141
303,0.006990
304,0.006830
305,0.006573
306,0.007396
307,0.355763
308,0.333352
309,1.319815
310,0.005814
311,0.006413
312,0.005729
313,0.006819
314,0.453082
315,0.006659
316,0.006413
317,0.006968
318,0.005921
319,0.007575
320,0.006402
321,0.007118
322,0.005547
323,0.006926
324,0.639617
325,0.007343
326,0.006306
327,0.006498
328,0.005739
329,0.293899
330,0.005761
331,0.006135
332,0.006156
333,0.006081
334,0.334704
335,0.005216
336,0.006509
337,0.007385
338,0.006242
339,0.444887
340,0.007375
341,0.007845
342,0.006669
343,0.006039
344,0.500326
345,0.005622
346,0.006733
347,0.006381
348,0.005290
349,0.004147
350,0.006755
351,0.007343
352,0.006584
353,0.619186
354,0.007642
355,0.007567
356,0.007674
357,0.006445
358,0.007001
359,0.427191
360,0.006776
361,0.007620
362,0.005932
363,0.006787
364,0.106636
365,0.005921
366,0.006103
367,0.007214
368,0.006594
369,0.113125
370,0.183721
371,0.312915
372,0.006402
373,0.005814
374,0.006338
375,0.005536
376,0.187944
377,0.006787
378,0.006402
379,0.005836
380,0.301002
381,0.006338
382,0.005975
383,0.006541
384,0.006776
385,0.309393
386,0.006188
387,0.006552
388,0.007193
389,0.006402
390,0.328375
391,0.007289
392,0.007524
393,0.006680
394,0.008091
395,1.119908
396,0.005836
397,0.004991
398,0.006520
399,0.005889
400,0.526076
401,0.006135
402,0.006787
403,0.006498
404,0.006146
405,0.522506
406,0.006594
407,0.005878
408,0.005216
409,0.005846
410,0.101350
411,0.005707
412,0.005590
413,0.007086
414,0.006349
415,0.377734
416,0.005162
417,0.007225
418,0.006498
419,0.005750
420,0.148610
421,0.007246
422,0.005836
423,0.006894
424,0.006156
425,0.120757
426,0.005216
427,0.006498
428,0.007877
429,0.006306
430,0.223530
431,0.007054
432,0.007439
433,0.006295
434,0.005814
435,0.355198
436,0.007161
437,0.006840
438,0.004820
439,0.005633
440,0.480575
441,0.006124
442,0.006498
443,0.005846
444,0.006915
445,0.242310
446,0.005665
447,0.006381
448,0.006947
449,0.046502
450,0.006113
451,0.005579
452,0.007471
453,0.006252
454,0.598601
455,0.230254
456,0.007033
457,0.005697
458,0.006434
459,0.006199
460,0.323872
461,0.005590
462,0.006744
463,0.006028
464,0.006840
465,0.411626
466,0.006242
467,0.005910
468,0.005921
469,0.005515
470,0.548111
471,0.007022
472,0.005472
473,0.006979
474,0.005910
475,0.604403
476,0.007214
477,0.007107
478,0.005868
479,0.006915
480,0.007947
481,0.006220
482,0.005526
483,0.007866
484,0.006659
485,0.362962
486,0.008016
487,0.008422
488,0.008112
489,0.006573
490,0.005932
491,0.332120
492,0.007033
493,0.005932
494,0.006039
495,0.006851
496,0.050520
497,0.006317
498,0.006958
499,0.007407
500,0.594989
501,0.006498
502,0.006733
503,0.006284
504,0.005472
505,0.754295
506,0.007813
507,0.006220
508,0.006562
509,0.006498
510,0.006263
511,0.051588
512,0.005515
513,0.201926
514,0.006819
515,0.007364
516,0.006327
517,0.089198
518,0.006274
519,0.006455
520,0.006990
521,0.006146
522,0.291775
523,0.007065
524,0.006648
525,0.005729
526,0.006445
527,0.340700
528,0.006263
529,0.006306
530,0.007556
531,0.006562
532,0.192020
533,0.007332
534,0.006904
535,0.006156
536,0.077714
537,0.006359
538,0.006284
539,0.005846
540,0.006071
541,0.006616
542,0.230147
543,0.005023
544,0.007385
545,0.007054
546,0.006862
547,0.007468
548,0.005729
549,0.006338
550,0.006338
551,0.006167
552,0.109817
553,0.006210
554,0.005472
555,0.007054
556,0.005344
557,0.006413
558,0.005793
559,0.007300
560,0.006295
561,0.039803
562,0.005611
563,0.005846
564,0.004660
565,0.007385
566,0.075753
567,0.005814
568,0.004361
569,0.005846
570,0.005290
571,0.006146
572,0.007417
573,0.433011
574,0.005451
575,0.006317
576,0.007449
577,0.006680
578,0.542513
579,0.007310
580,0.007107
581,0.006434
582,0.080246
583,0.005739
584,0.006199
585,0.006188
586,0.005953
587,0.189843
588,0.006541
589,0.007428
590,0.005953
591,0.005836
592,0.236278
593,0.005900
594,0.006691
595,0.006434
596,0.005814
597,0.261554
598,0.946748
599,0.005846
600,0.006926
601,0.006562
602,0.006306
603,0.006498
604,0.006049
605,0.004756
606,0.006156
607,0.004884
608,0.007172
609,0.239577
610,0.005387
611,0.006530
612,0.005515
613,0.275806
614,0.007973
615,0.008208
616,0.007225
617,0.007663
618,0.007364
619,0.126541
620,0.977665
621,0.006594
622,0.007428
623,0.006947
624,0.005793
625,0.267319
626,0.005654
627,0.006765
628,0.007300
629,0.369836
630,0.005579
631,0.006156
632,0.007161
633,0.006071
634,0.531891
635,0.006242
636,0.006477
637,0.006413
638,0.006616
639,0.132072
640,0.005472
641,0.006744
642,0.005558
643,0.006659
644,0.351598
645,0.005579
646,0.005718
647,0.006391
648,0.007011
649,0.574202
650,0.007204
651,0.006295
652,0.006605
653,0.006840
654,0.008465
655,0.325002
656,0.006520
657,0.006263
658,0.006872
659,0.007193
660,0.006720
661,0.006039
662,0.006488
663,0.005472
664,0.006252
665,0.233693
666,0.126369
667,0.007503
668,0.006295
669,0.007791
670,0.007738
671,0.006712
672,0.006413
673,0.006167
674,0.006381
675,0.006498
676,0.063348
677,0.006295
678,0.007022
679,0.006947
680,0.005900
681,0.470817
682,0.397941
683,0.007770
684,0.005633
685,0.006466
686,0.005814
687,0.006188
688,0.379163
689,0.006274
690,0.006210
691,0.005814
692,0.006840
693,0.367071
694,1.361006
695,0.005836
696,0.005782
697,0.006498
698,0.007289
699,0.054402
700,0.005558
701,0.005408
702,0.007920
703,0.005900
704,0.390518
705,0.006723
706,0.006242
707,0.006744
708,0.006669
709,0.292292
710,0.005472
711,0.006156
712,0.006252
713,0.005162
714,0.068657
715,0.007300
716,0.005942
717,0.006958
718,0.006049
719,1.096945
720,0.007653
721,0.007898
722,0.007524
723,0.007856
724,0.012583
725,0.007407
726,0.007471
727,0.006413
728,0.006626
729,0.653287
730,0.215255
731,0.006797
732,0.241635
733,0.004574
734,0.006156
735,0.006765
736,0.235129
737,0.006274
738,0.006156
739,0.006402
740,0.005184
741,0.604674
742,0.518684
743,0.538334
744,0.006904
745,0.006210
746,0.006231
747,0.006990
748,0.522693
749,0.007182
750,0.006733
751,0.006605
752,0.006135
753,0.916145
754,0.005857
755,0.005686
756,0.007888
757,0.005472
758,0.494955
759,0.006156
760,0.006648
761,0.006797
762,0.006210
763,0.464421
764,0.007567
765,1.224321
766,0.007107
767,0.006391
768,0.005868
769,0.005216
770,1.207465
771,0.360632
772,0.007417
773,0.005932
774,0.005761
775,0.005654
776,0.083531
777,0.006135
778,0.050084
779,0.005814
780,0.007567
781,0.005697
782,0.339965
783,0.005675
784,0.005376
785,0.005600
786,0.005814
787,0.364546
788,0.006210
789,0.006968
790,0.006060
791,0.005472
792,0.404851
793,0.006498
794,0.007182
795,0.005633
796,0.006124
797,0.527394
798,0.007118
799,0.005857
800,0.006039
801,0.005846
802,0.075320
803,0.005130
804,0.006252
805,0.004810
806,0.005900
807,1.162200
808,0.007182
809,0.048963
810,0.190321
811,0.006498
812,0.006242
813,0.006188
814,0.006990
815,0.196949
816,0.007930
817,0.609371
818,0.737848
819,0.397365
820,0.005910
821,0.005953
822,0.006830
823,0.006306
824,0.077772
825,0.007033
826,0.005921
827,0.006552
828,0.155795
829,0.384891
830,0.007546
831,0.770362
832,0.006637
833,0.006755
834,0.005504
835,0.005633
836,0.855800
837,0.005771
838,0.006370
839,0.006797
840,0.006017
841,0.744146
842,0.500028
843,0.008176
844,0.007898
845,0.006594
846,0.008219
847,0.007107
848,0.007971
849,0.007620
850,0.007353
851,0.006872
852,0.007866
853,0.722308
854,0.005686
855,0.006007
856,0.006156
857,0.005665
858,0.221463
859,0.005975
860,0.006210
861,0.004970
862,0.006830
863,1.136840
864,0.421457
865,0.005814
866,0.007097
867,0.005697
868,0.007802
869,0.527443
870,0.005526
871,0.007001
872,0.006381
873,0.005237
874,1.015796
875,0.006284
876,0.007033
877,0.006381
878,0.007310
879,0.506415
880,0.006691
881,0.007011
882,0.005889
883,0.007759
884,0.252445
885,0.006071
886,0.006819
887,0.005483
888,0.006060
889,0.006550
890,0.006573
891,0.004895
892,0.005526
893,0.325173
894,0.006541
895,0.007129
896,0.006979
897,0.005857
898,0.082071
899,0.069547
900,0.006712
901,0.006584
902,0.006156
903,0.006252
904,0.206835
905,0.007214
906,0.006359
907,0.005536
908,0.080335
909,0.005932
910,0.005942
911,0.006092
912,0.006498
913,0.006163
914,0.006776
915,0.006124
916,0.005900
917,0.006317
918,0.241216
919,0.005836
920,0.006156
921,0.006092
922,0.006755
923,0.258659
924,0.006071
925,0.007514
926,0.006466
927,0.006081
928,0.809139
929,0.006381
930,0.007139
931,0.005996
932,0.006263
933,0.427106
934,0.069215
935,0.006830
936,0.006701
937,0.005579
938,0.006594
939,0.887563
940,0.005836
941,0.006862
942,0.006691
943,0.005975
944,0.442918
945,0.006071
946,0.007182
947,0.006210
948,0.006039
949,0.546190
950,0.007930
951,0.008208
952,0.006872
953,0.007182
954,1.240329
955,0.006317
956,0.005536
957,0.005878
958,0.004222
959,0.155058
960,0.005429
961,0.005975
962,0.006765
963,0.005739
964,0.225610
965,0.006562
966,0.005814
967,0.006680
968,0.006071
969,0.005141
970,0.095083
971,0.335727
972,0.006434
973,0.005536
974,0.005494
975,0.596680
976,0.007343
977,0.007364
978,0.007375
979,0.005889
980,0.008166
981,0.626306
982,0.006306
983,0.005697
984,0.006584
985,0.479811
986,0.005258
987,0.006028
988,0.006156
989,0.006552
990,0.158664
991,0.005857
992,0.007813
993,0.007685
994,0.006156
995,0.662567
996,0.005472
997,0.006381
998,0.005953
999,0.006573
1000,0.317209
1001,0.007065
1002,0.006060
1003,0.006188
1004,0.005643
1005,0.156827
1006,0.927198
1007,0.007695
1008,0.007139
1009,0.007546
1010,0.007300
1011,0.167312
1012,0.006862
1013,0.721309
1014,0.006049
1015,0.005600
1016,0.006530
1017,0.244835
1018,0.006605
1019,0.007139
1020,0.005654
1021,0.006701
1022,0.288867
1023,0.007514
1024,0.005750
1025,0.005964
1026,0.006252
1027,0.005921
1028,0.007246
1029,0.659048
1030,0.007107
1031,0.004916
1032,0.006156
1033,0.007193
1034,0.877298
1035,1.007953
1036,0.005975
1037,0.006851
1038,0.005910
1039,0.006840
1040,0.351876
1041,0.487324
1042,0.006691
1043,0.006584
1044,0.007011
1045,0.006616
1046,0.007043
1047,0.006552
1048,0.006840
1049,0.007214
1050,0.542272
1051,0.005953
1052,0.006990
1053,0.006883
1054,0.005205
1055,0.575700
1056,0.640999
1057,0.092680
1058,0.006210
1059,0.006445
1060,0.006263
1061,0.005237
1062,0.369350
1063,0.217732
1064,0.006990
1065,0.008069
1066,0.346753
1067,0.611865
1068,0.006370
1069,0.006028
1070,0.006733
1071,0.006830
1072,0.629927
1073,0.611636
1074,0.006648
1075,0.007172
1076,0.007172
1077,0.006797
1078,0.230216
1079,0.365442
1080,0.007172
1081,0.006584
1082,0.007824
1083,0.006594
1084,0.260613
1085,0.006701
1086,0.005622
1087,0.006776
1088,0.005814
1089,0.680223
1090,0.007930
1091,0.007556
1092,0.008059
1093,0.006915
1094,0.007482
1095,0.426290
1096,0.006712
1097,0.006178
1098,0.005846
1099,0.006263
1100,0.008621
1101,0.005836
1102,0.005900
1103,0.006231
1104,0.006242
1105,0.190721
1106,0.006659
1107,0.005387
1108,0.006498
1109,0.215532
1110,0.005975
1111,0.006584
1112,0.005889
1113,0.006274
1114,0.006017
1115,0.270775
1116,0.007182
1117,0.006317
1118,0.005921
1119,0.005654
1120,0.807237
1121,0.007524
1122,0.006306
1123,0.007791
1124,0.006840
1125,0.254238
1126,0.750482
1127,0.007225
1128,0.005761
1129,0.005429
1130,0.005804
1131,0.465177
1132,0.006797
1133,0.385091
1134,0.006220
1135,0.006434
1136,0.006391
1137,0.006252
1138,0.006349
1139,0.006552
1140,0.006156
1141,0.007492
1142,0.214290
1143,0.006915
1144,0.005504
1145,0.005814
1146,0.006210
1147,0.345658
1148,0.007043
1149,0.007011
1150,0.006381
1151,0.007396
1152,0.047204
1153,0.141221
1154,0.251576
1155,0.006156
1156,0.005942
1157,0.006723
1158,0.007674
1159,0.258957
1160,0.006124
1161,0.006167
1162,0.006103
1163,0.006220
1164,0.267285
1165,0.272153
1166,0.007895
1167,0.390744
1168,0.006648
1169,0.007161
1170,0.005515
1171,0.005558
1172,0.172959
1173,0.006007
1174,0.006049
1175,0.006274
1176,0.006765
1177,0.175268
1178,0.005921
1179,0.006071
1180,0.005483
1181,0.006787
1182,0.417242
1183,0.624832
1184,0.824478
1185,0.006648
1186,0.005429
1187,0.005889
1188,0.005665
1189,0.756925
1190,0.198352
1191,0.369204
1192,0.792186
1193,0.007150
1194,0.006242
1195,0.005408
1196,0.005814
1197,1.589725
1198,1.508795
1199,0.006402
1200,0.007364
1201,0.005825
1202,0.005376
1203,0.960425
1204,0.006402
1205,0.006263
1206,0.006840
1207,0.005590
1208,0.396099
1209,0.007122
1210,0.458149
1211,0.007375
1212,0.005836
1213,0.005964
1214,0.006402
1215,1.015588
1216,0.100393
1217,0.248192
1218,0.253506
1219,0.240340
1220,0.006455
1221,0.007204
1222,0.006851
1223,0.005600
1224,0.350743
1225,0.006733
1226,0.006573
1227,0.007193
1228,0.006733
1229,0.218770
1230,0.443110
1231,0.005804
1232,0.006498
1233,0.007343
1234,0.005782
1235,0.107074
1236,0.006103
1237,0.006958
1238,0.005707
1239,0.006840
1240,0.322844
1241,0.007717
1242,0.007182
1243,0.007962
1244,0.007888
1245,0.006691
1246,1.317203
1247,0.005472
1248,0.005504
1249,0.006445
1250,0.006135
1251,0.052323
1252,0.789718
1253,0.433807
1254,0.005921
1255,0.006466
1256,0.006840
1257,0.006092
1258,0.445905
1259,0.007620
1260,0.007524
1261,0.007610
1262,0.006156
1263,0.169655
1264,0.006808
1265,0.007278
1266,0.005782
1267,0.005483
1268,0.005376
1269,0.482368
1270,0.006359
1271,0.006466
1272,0.006498
1273,0.006819
1274,0.632838
1275,0.008357
1276,0.007578
1277,0.489810
1278,0.006156
1279,0.006573
1280,0.006830
1281,0.005355
1282,0.105624
1283,0.499755
1284,0.839467
1285,1.122048
1286,0.424405
1287,0.205437
1288,0.139539
1289,0.006885
1290,0.153880
1291,0.005547
1292,0.007139
1293,0.006049
1294,0.140884
1295,0.006936
1296,0.006103
1297,0.005996
1298,0.007300
1299,0.189135
1300,0.008016
1301,0.007648
1302,0.637088
1303,0.507473
1304,0.006765
1305,0.005665
1306,0.006573
1307,0.005590
1308,0.049059
1309,0.047705
1310,0.007043
1311,0.005953
1312,0.005675
1313,0.339699
1314,0.006370
1315,0.006306
1316,0.006284
1317,0.007139
1318,0.006317
1319,0.402605
1320,0.007984
1321,0.179518
1322,0.651477
1323,0.007065
1324,0.006317
1325,0.005761
1326,0.006701
1327,0.512495
1328,0.427883
1329,1.666781
1330,0.364768
1331,0.706558
1332,0.362929
1333,0.095448
1334,0.307042
1335,0.006796
1336,0.256023
1337,0.774853
1338,1.115454
1339,0.523225
1340,0.007246
1341,0.245232
1342,0.615807
1343,0.406775
1344,0.213731
1345,0.006733
1346,0.007022
1347,0.007813
1348,0.005376
1349,0.440896
1350,0.006370
1351,0.412574
1352,0.388430
1353,0.359329
1354,0.962817
1355,0.036581
1356,0.967034
1357,0.248997
1358,0.291248
1359,0.203036
1360,0.163487
1361,0.007620
1362,0.764626
1363,0.908412
1364,1.414599
1365,0.874776
1366,0.879244
1367,0.285802
1368,1.211305
1369,0.270060
1370,0.741207
1371,0.513353
1372,0.007856
1373,0.006562
1374,0.597560
1375,0.005665
1376,0.005408
1377,0.007364
1378,0.967287
1379,0.592093
1380,0.006210
1381,0.113790
1382,0.301311
1383,0.482836
1384,0.798409
1385,0.450968
1386,1.104499
1387,0.695914
1388,0.146731
1389,0.174602
1390,0.634986
1391,1.574731
1392,1.278485
1393,0.354105
1394,0.656512
1395,1.033234
1396,0.536965
1397,0.180025
1398,0.604326
1399,0.636229
1400,0.008277
1401,1.307094
1402,0.366855
1403,1.629024
1404,0.768817
1405,0.155420
1406,0.141918
1407,0.273312
1408,0.360717
1409,0.190410
1410,0.008679
1411,0.821666
1412,0.968892
1413,1.163375
1414,0.267415
1415,0.995937
1416,0.986948
1417,0.911009
1418,1.074118
1419,1.214330
1420,1.325786
1421,1.123070
1422,1.325694
1423,0.921238
1424,0.505465
